1.14441e-19	1.22573e-19	6.2852e-20	4.25409e-20	5.98892e-20	1.18818e-20	2.00943e-20	8.31519e-20	1.34093e-19	2.83994e-20	1.27147e-19	1.0057e-19	8.44556e-20	7.65293e-20	6.78242e-20	7.3918e-20	1.16542e-19	3.06134e-19	3.93736e-19	9.03898e-19	1.71402e-18	2.81209e-18	4.93358e-18	8.5393e-18	1.45153e-17	2.42285e-17	3.95622e-17	6.32922e-17	9.91871e-17	1.52452e-16	2.29834e-16	3.39211e-16	4.91135e-16	6.96907e-16	9.69401e-16	1.32174e-15	1.76632e-15	2.31388e-15	2.97114e-15	3.73942e-15	4.61326e-15	5.5785e-15	6.61207e-15	7.68236e-15	8.74885e-15	9.76622e-15	1.06858e-14	1.14604e-14	1.20482e-14	1.24152e-14	1.254e-14	1.24152e-14	1.20482e-14	1.14604e-14	1.06858e-14	9.76622e-15	8.74885e-15	7.68236e-15	6.61207e-15	5.5785e-15	4.61326e-15	3.73942e-15	2.97114e-15	2.31388e-15	1.76632e-15	1.32174e-15	9.69401e-16	6.96907e-16	4.91135e-16	3.39211e-16	2.29834e-16	1.52452e-16	9.91871e-17	6.32922e-17	3.95622e-17	2.42285e-17	1.45153e-17	8.5393e-18	4.93358e-18	2.81209e-18	1.71402e-18	9.03898e-19	3.93736e-19	3.06134e-19	1.16542e-19	7.3918e-20	6.78242e-20	7.65293e-20	8.44556e-20	1.0057e-19	1.27147e-19	2.83994e-20	1.34093e-19	8.31519e-20	2.00943e-20	1.18818e-20	5.98892e-20	4.25409e-20	6.2852e-20	1.22573e-19	
4.21646e-20	4.54152e-20	9.63082e-20	7.67737e-20	1.21765e-19	7.76021e-20	8.369e-20	1.12358e-19	9.17243e-20	8.47723e-20	6.18939e-20	6.59571e-20	1.50299e-19	1.54082e-19	3.1041e-19	5.63695e-19	1.19069e-18	2.29176e-18	4.28933e-18	7.98938e-18	1.4785e-17	2.64678e-17	4.69412e-17	8.12171e-17	1.37949e-16	2.29739e-16	3.74955e-16	5.99863e-16	9.40778e-16	1.44615e-15	2.17918e-15	3.21842e-15	4.65943e-15	6.61198e-15	9.19712e-15	1.25395e-14	1.67581e-14	2.19524e-14	2.81875e-14	3.54767e-14	4.37669e-14	5.29252e-14	6.27322e-14	7.28843e-14	8.30031e-14	9.26541e-14	1.0138e-13	1.08731e-13	1.14306e-13	1.17787e-13	1.18971e-13	1.17787e-13	1.14306e-13	1.08731e-13	1.0138e-13	9.26545e-14	8.30029e-14	7.28847e-14	6.27323e-14	5.29248e-14	4.37668e-14	3.54767e-14	2.81874e-14	2.19523e-14	1.67579e-14	1.25393e-14	9.19684e-15	6.61188e-15	4.65926e-15	3.21831e-15	2.17894e-15	1.44607e-15	9.40627e-16	5.99793e-16	3.74815e-16	2.29554e-16	1.37838e-16	8.10866e-17	4.66928e-17	2.6461e-17	1.46285e-17	7.95584e-18	4.15441e-18	2.1681e-18	1.05204e-18	5.1111e-19	2.29213e-19	1.11364e-19	5.68555e-20	4.48697e-20	6.82535e-20	6.90884e-20	7.69058e-20	8.29742e-20	6.30022e-20	7.24213e-20	1.11189e-19	6.23609e-20	9.54391e-20	6.39486e-20	
5.36266e-20	5.53475e-20	7.83299e-20	5.807e-20	9.0312e-20	3.71985e-20	4.24826e-20	7.25715e-20	8.06815e-20	5.61248e-20	1.09228e-19	3.08189e-20	1.64592e-19	3.16547e-19	7.04699e-19	1.42867e-18	2.99754e-18	5.8814e-18	1.12056e-17	2.10082e-17	3.87877e-17	6.97987e-17	1.2361e-16	2.14133e-16	3.63799e-16	6.0586e-16	9.88944e-16	1.58228e-15	2.48154e-15	3.81472e-15	5.74822e-15	8.48987e-15	1.22911e-14	1.74419e-14	2.42612e-14	3.30783e-14	4.42068e-14	5.79092e-14	7.43568e-14	9.35856e-14	1.15455e-13	1.39613e-13	1.65484e-13	1.92265e-13	2.18957e-13	2.44417e-13	2.67435e-13	2.86826e-13	3.01532e-13	3.10715e-13	3.13838e-13	3.10715e-13	3.01532e-13	2.86826e-13	2.67435e-13	2.44417e-13	2.18957e-13	1.92265e-13	1.65484e-13	1.39613e-13	1.15455e-13	9.35855e-14	7.43569e-14	5.79092e-14	4.42066e-14	3.30782e-14	2.42611e-14	1.74419e-14	1.22911e-14	8.48991e-15	5.74814e-15	3.8148e-15	2.48155e-15	1.58236e-15	9.88961e-16	6.05829e-16	3.63842e-16	2.14157e-16	1.2352e-16	6.99482e-17	3.87799e-17	2.11259e-17	1.12215e-17	5.90615e-18	3.0039e-18	1.51776e-18	7.64779e-19	4.027e-19	1.46101e-19	1.13704e-19	1.20755e-19	4.85769e-20	7.88417e-20	6.37685e-20	4.31364e-20	6.28879e-20	1.05181e-19	4.91555e-20	9.4608e-20	7.96749e-20	
1.92293e-20	9.60237e-21	1.15547e-19	1.0299e-19	1.37027e-19	8.60781e-20	1.03715e-19	1.23548e-19	6.97788e-20	1.3915e-19	1.68808e-19	2.2802e-19	4.9572e-19	9.55331e-19	1.94702e-18	3.87276e-18	7.81064e-18	1.52287e-17	2.90451e-17	5.44363e-17	1.0026e-16	1.8064e-16	3.19574e-16	5.53748e-16	9.40748e-16	1.5666e-15	2.55715e-15	4.09138e-15	6.41657e-15	9.86386e-15	1.48631e-14	2.19524e-14	3.17813e-14	4.50997e-14	6.27324e-14	8.55308e-14	1.14306e-13	1.49736e-13	1.92265e-13	2.41985e-13	2.98532e-13	3.61e-13	4.27894e-13	4.97142e-13	5.6616e-13	6.31992e-13	6.91509e-13	7.41649e-13	7.79674e-13	8.03419e-13	8.11493e-13	8.03419e-13	7.79674e-13	7.41649e-13	6.91509e-13	6.31992e-13	5.6616e-13	4.97142e-13	4.27894e-13	3.60999e-13	2.98532e-13	2.41985e-13	1.92265e-13	1.49736e-13	1.14306e-13	8.55307e-14	6.27322e-14	4.50997e-14	3.17812e-14	2.19524e-14	1.4863e-14	9.86385e-15	6.41649e-15	4.09138e-15	2.55709e-15	1.56648e-15	9.40697e-16	5.53673e-16	3.1939e-16	1.80689e-16	1.00144e-16	5.44499e-17	2.89592e-17	1.51555e-17	7.72229e-18	3.86647e-18	1.91745e-18	9.49544e-19	3.90171e-19	2.15599e-19	1.57648e-19	6.11725e-20	5.96972e-20	5.5704e-20	6.22251e-20	9.1467e-20	1.32465e-19	7.04012e-20	1.24617e-19	6.5227e-20	
8.66088e-20	8.97316e-20	5.44794e-20	2.95609e-20	5.18773e-20	4.01705e-20	1.85498e-20	4.97444e-20	6.96195e-20	9.7895e-20	2.01139e-19	4.1985e-19	1.03839e-18	2.2444e-18	4.74853e-18	9.69446e-18	1.95538e-17	3.83114e-17	7.33798e-17	1.37791e-16	2.5379e-16	4.57713e-16	8.09635e-16	1.40326e-15	2.38412e-15	3.97033e-15	6.4809e-15	1.03695e-14	1.62626e-14	2.49999e-14	3.76705e-14	5.56384e-14	8.05498e-14	1.14306e-13	1.58996e-13	2.16779e-13	2.89709e-13	3.79508e-13	4.87298e-13	6.13314e-13	7.56631e-13	9.14956e-13	1.0845e-12	1.26001e-12	1.43494e-12	1.60179e-12	1.75264e-12	1.87972e-12	1.97609e-12	2.03627e-12	2.05674e-12	2.03627e-12	1.97609e-12	1.87972e-12	1.75264e-12	1.60179e-12	1.43494e-12	1.26001e-12	1.0845e-12	9.14956e-13	7.56632e-13	6.13314e-13	4.87298e-13	3.79508e-13	2.89709e-13	2.16779e-13	1.58996e-13	1.14306e-13	8.05499e-14	5.56387e-14	3.76706e-14	2.50001e-14	1.62628e-14	1.03697e-14	6.48112e-15	3.97049e-15	2.38436e-15	1.40347e-15	8.09746e-16	4.58047e-16	2.53945e-16	1.38074e-16	7.35578e-17	3.84956e-17	1.97167e-17	9.92574e-18	4.94986e-18	2.45309e-18	1.14007e-18	6.00667e-19	3.6416e-19	1.41652e-19	1.28314e-19	5.56989e-20	1.85235e-20	2.55898e-20	6.33955e-20	7.29808e-20	5.82429e-20	1.05144e-19	
2.16814e-20	2.12048e-20	1.4017e-19	1.08606e-19	1.52244e-19	7.83483e-20	1.20025e-19	1.74499e-19	1.53706e-19	3.48085e-19	6.20599e-19	1.30351e-18	2.8035e-18	5.84189e-18	1.20682e-17	2.44406e-17	4.8824e-17	9.53859e-17	1.82569e-16	3.42664e-16	6.30715e-16	1.13754e-15	2.01163e-15	3.4865e-15	5.92328e-15	9.86392e-15	1.6101e-14	2.57614e-14	4.0402e-14	6.21081e-14	9.35857e-14	1.38224e-13	2.00112e-13	2.83972e-13	3.94996e-13	5.38548e-13	7.1973e-13	9.42821e-13	1.21061e-12	1.52367e-12	1.87972e-12	2.27305e-12	2.69425e-12	3.13028e-12	3.56485e-12	3.97936e-12	4.35411e-12	4.66982e-12	4.90925e-12	5.05876e-12	5.1096e-12	5.05876e-12	4.90925e-12	4.66982e-12	4.35411e-12	3.97936e-12	3.56485e-12	3.13028e-12	2.69425e-12	2.27305e-12	1.87972e-12	1.52367e-12	1.21061e-12	9.42821e-13	7.1973e-13	5.38548e-13	3.94996e-13	2.83972e-13	2.00112e-13	1.38224e-13	9.35855e-14	6.21081e-14	4.04018e-14	2.57614e-14	1.61009e-14	9.86371e-15	5.92314e-15	3.48633e-15	2.01137e-15	1.1375e-15	6.30483e-16	3.42569e-16	1.82376e-16	9.52101e-17	4.8643e-17	2.43353e-17	1.19499e-17	5.73773e-18	2.60779e-18	1.20048e-18	5.581e-19	1.61073e-19	6.8331e-20	2.98747e-20	8.78946e-20	1.27322e-19	1.66114e-19	1.07926e-19	1.464e-19	3.93742e-20	
1.71744e-19	1.75249e-19	9.31717e-20	8.81107e-20	7.51139e-20	1.12331e-19	4.04001e-20	8.1462e-20	1.45069e-19	5.51672e-19	1.28859e-18	2.98099e-18	6.59756e-18	1.40331e-17	2.91989e-17	5.94121e-17	1.1867e-16	2.31999e-16	4.44351e-16	8.34275e-16	1.53558e-15	2.76998e-15	4.89829e-15	8.48989e-15	1.44238e-14	2.40197e-14	3.92078e-14	6.27323e-14	9.83838e-14	1.51241e-13	2.27893e-13	3.36594e-13	4.87298e-13	6.91509e-13	9.61867e-13	1.31143e-12	1.75264e-12	2.29589e-12	2.94798e-12	3.71033e-12	4.57735e-12	5.53516e-12	6.56086e-12	7.62263e-12	8.68086e-12	9.69026e-12	1.06028e-11	1.13716e-11	1.19547e-11	1.23187e-11	1.24425e-11	1.23187e-11	1.19547e-11	1.13716e-11	1.06028e-11	9.69026e-12	8.68086e-12	7.62263e-12	6.56086e-12	5.53516e-12	4.57735e-12	3.71033e-12	2.94798e-12	2.29589e-12	1.75264e-12	1.31143e-12	9.61867e-13	6.91509e-13	4.87298e-13	3.36594e-13	2.27893e-13	1.51241e-13	9.83839e-14	6.27324e-14	3.92079e-14	2.40197e-14	1.44238e-14	8.48993e-15	4.89826e-15	2.77016e-15	1.53558e-15	8.34418e-16	4.44402e-16	2.32071e-16	1.18747e-16	5.95625e-17	2.9344e-17	1.4188e-17	6.6707e-18	3.15434e-18	1.51555e-18	6.47907e-19	3.7827e-19	2.06834e-19	1.09946e-19	5.92101e-20	2.35783e-20	1.41928e-19	5.54081e-20	1.81875e-19	
5.1425e-20	4.10737e-20	7.99929e-20	6.8128e-20	1.19658e-19	8.01888e-20	1.8685e-19	3.79463e-19	6.68818e-19	1.56316e-18	3.36672e-18	7.3887e-18	1.59543e-17	3.37009e-17	6.98789e-17	1.42055e-16	2.83357e-16	5.53778e-16	1.06068e-15	1.99145e-15	3.66525e-15	6.61185e-15	1.16917e-14	2.02646e-14	3.44282e-14	5.7333e-14	9.35856e-14	1.49736e-13	2.34833e-13	3.60999e-13	5.4396e-13	8.03419e-13	1.16314e-12	1.65057e-12	2.29589e-12	3.13028e-12	4.18339e-12	5.48009e-12	7.03657e-12	8.85623e-12	1.09257e-11	1.32119e-11	1.56602e-11	1.81945e-11	2.07204e-11	2.31298e-11	2.5308e-11	2.71431e-11	2.85347e-11	2.94037e-11	2.96992e-11	2.94037e-11	2.85347e-11	2.71431e-11	2.5308e-11	2.31298e-11	2.07204e-11	1.81945e-11	1.56602e-11	1.32119e-11	1.09257e-11	8.85623e-12	7.03657e-12	5.48009e-12	4.18339e-12	3.13028e-12	2.29589e-12	1.65057e-12	1.16314e-12	8.03419e-13	5.4396e-13	3.60999e-13	2.34833e-13	1.49736e-13	9.35856e-14	5.73329e-14	3.44282e-14	2.02646e-14	1.16916e-14	6.61195e-15	3.66515e-15	1.99149e-15	1.06063e-15	5.53746e-16	2.83334e-16	1.42094e-16	6.99088e-17	3.37214e-17	1.58871e-17	7.40986e-18	3.4334e-18	1.49492e-18	7.2998e-19	3.4711e-19	1.50682e-19	4.88484e-20	4.65794e-20	1.15056e-19	5.31881e-20	8.13769e-20	
2.09232e-20	2.56472e-20	1.13397e-19	7.89417e-20	1.46827e-19	1.0543e-19	3.0873e-19	7.18013e-19	1.50453e-18	3.51417e-18	7.80231e-18	1.72172e-17	3.72267e-17	7.87775e-17	1.63443e-16	3.32403e-16	6.62893e-16	1.29552e-15	2.48154e-15	4.65929e-15	8.57527e-15	1.54695e-14	2.73544e-14	4.7412e-14	8.05499e-14	1.34139e-13	2.18957e-13	3.5033e-13	5.49427e-13	8.44611e-13	1.27268e-12	1.87972e-12	2.72133e-12	3.86175e-12	5.37157e-12	7.32374e-12	9.78765e-12	1.28215e-11	1.64631e-11	2.07204e-11	2.55624e-11	3.09113e-11	3.66393e-11	4.25688e-11	4.84785e-11	5.41155e-11	5.92118e-11	6.35052e-11	6.67611e-11	6.87943e-11	6.94857e-11	6.87943e-11	6.67611e-11	6.35052e-11	5.92118e-11	5.41155e-11	4.84785e-11	4.25688e-11	3.66393e-11	3.09113e-11	2.55624e-11	2.07204e-11	1.64631e-11	1.28215e-11	9.78765e-12	7.32374e-12	5.37157e-12	3.86175e-12	2.72133e-12	1.87972e-12	1.27268e-12	8.44611e-13	5.49427e-13	3.5033e-13	2.18957e-13	1.34139e-13	8.05499e-14	4.7412e-14	2.73544e-14	1.54696e-14	8.57519e-15	4.65937e-15	2.48151e-15	1.2955e-15	6.62879e-16	3.32436e-16	1.6346e-16	7.87643e-17	3.71223e-17	1.7194e-17	7.81909e-18	3.3929e-18	1.50819e-18	6.36709e-19	2.1811e-19	2.66345e-20	8.90693e-20	9.28419e-20	1.06661e-19	2.67844e-20	
5.76364e-20	5.96831e-20	1.34316e-19	1.44967e-19	2.23329e-19	3.11636e-19	7.14778e-19	1.6162e-18	3.5382e-18	8.08448e-18	1.79889e-17	3.9579e-17	8.54356e-17	1.80748e-16	3.74938e-16	7.62504e-16	1.52031e-15	2.97105e-15	5.69102e-15	1.06854e-14	1.96658e-14	3.54766e-14	6.27324e-14	1.08731e-13	1.84727e-13	3.07623e-13	5.02139e-13	8.03419e-13	1.26001e-12	1.93696e-12	2.91865e-12	4.31079e-12	6.24088e-12	8.85623e-12	1.23187e-11	1.67957e-11	2.24462e-11	2.94037e-11	3.77551e-11	4.75186e-11	5.86226e-11	7.08894e-11	8.40256e-11	9.76238e-11	1.11177e-10	1.24104e-10	1.35792e-10	1.45638e-10	1.53105e-10	1.57767e-10	1.59353e-10	1.57767e-10	1.53105e-10	1.45638e-10	1.35792e-10	1.24104e-10	1.11177e-10	9.76238e-11	8.40256e-11	7.08894e-11	5.86226e-11	4.75186e-11	3.77551e-11	2.94037e-11	2.24462e-11	1.67957e-11	1.23187e-11	8.85623e-12	6.24088e-12	4.31079e-12	2.91865e-12	1.93696e-12	1.26001e-12	8.03419e-13	5.02139e-13	3.07623e-13	1.84727e-13	1.08731e-13	6.27323e-14	3.54767e-14	1.96657e-14	1.06854e-14	5.69091e-15	2.97095e-15	1.52023e-15	7.62465e-16	3.74883e-16	1.80647e-16	8.52475e-17	3.94702e-17	1.79172e-17	7.87789e-18	3.45383e-18	1.46494e-18	5.54562e-19	1.66089e-19	6.56499e-20	3.75062e-20	1.44632e-19	7.84788e-20	
9.97023e-20	1.00827e-19	7.0609e-20	4.68067e-20	2.02229e-19	4.49977e-19	1.32965e-18	3.3272e-18	7.75116e-18	1.7916e-17	4.02563e-17	8.87942e-17	1.91854e-16	4.06137e-16	8.42705e-16	1.71401e-15	3.41741e-15	6.67848e-15	1.27928e-14	2.40197e-14	4.42068e-14	7.97483e-14	1.41016e-13	2.44417e-13	4.15248e-13	6.91509e-13	1.12876e-12	1.80601e-12	2.83239e-12	4.35411e-12	6.56086e-12	9.69026e-12	1.40289e-11	1.9908e-11	2.76914e-11	3.77551e-11	5.0457e-11	6.60968e-11	8.487e-11	1.06817e-10	1.31778e-10	1.59353e-10	1.88882e-10	2.19449e-10	2.49915e-10	2.78975e-10	3.05247e-10	3.2738e-10	3.44165e-10	3.54646e-10	3.58211e-10	3.54646e-10	3.44165e-10	3.2738e-10	3.05247e-10	2.78975e-10	2.49915e-10	2.19449e-10	1.88882e-10	1.59353e-10	1.31778e-10	1.06817e-10	8.487e-11	6.60968e-11	5.0457e-11	3.77551e-11	2.76914e-11	1.9908e-11	1.40289e-11	9.69026e-12	6.56086e-12	4.35411e-12	2.83239e-12	1.80601e-12	1.12876e-12	6.91509e-13	4.15248e-13	2.44417e-13	1.41016e-13	7.97485e-14	4.42067e-14	2.40198e-14	1.27928e-14	6.67846e-15	3.41742e-15	1.71408e-15	8.42759e-16	4.06139e-16	1.91786e-16	8.88179e-17	4.03314e-17	1.78774e-17	7.84097e-18	3.37939e-18	1.39303e-18	5.4636e-19	1.5022e-19	1.83782e-19	1.14677e-20	1.01138e-19	
6.6722e-20	3.73108e-20	9.21982e-20	1.81315e-19	5.15781e-19	1.19323e-18	3.06564e-18	7.40391e-18	1.72189e-17	3.95401e-17	8.88016e-17	1.95711e-16	4.22729e-16	8.94868e-16	1.85682e-15	3.77672e-15	7.52986e-15	1.47152e-14	2.81875e-14	5.2925e-14	9.74049e-14	1.75717e-13	3.10715e-13	5.38548e-13	9.14956e-13	1.52367e-12	2.48711e-12	3.97936e-12	6.24088e-12	9.59384e-12	1.44562e-11	2.13515e-11	3.09113e-11	4.38652e-11	6.10151e-11	8.31895e-11	1.11177e-10	1.45638e-10	1.87002e-10	2.35361e-10	2.9036e-10	3.51118e-10	4.16181e-10	4.83534e-10	5.50662e-10	6.14692e-10	6.7258e-10	7.21348e-10	7.58332e-10	7.81426e-10	7.8928e-10	7.81426e-10	7.58332e-10	7.21348e-10	6.7258e-10	6.14692e-10	5.50662e-10	4.83534e-10	4.16181e-10	3.51118e-10	2.9036e-10	2.35361e-10	1.87002e-10	1.45638e-10	1.11177e-10	8.31895e-11	6.10151e-11	4.38652e-11	3.09113e-11	2.13515e-11	1.44562e-11	9.59384e-12	6.24088e-12	3.97936e-12	2.48711e-12	1.52367e-12	9.14956e-13	5.38548e-13	3.10715e-13	1.75717e-13	9.74048e-14	5.2925e-14	2.81874e-14	1.47151e-14	7.52984e-15	3.77675e-15	1.85684e-15	8.94817e-16	4.22613e-16	1.95685e-16	8.88252e-17	3.94553e-17	1.72515e-17	7.4141e-18	3.09198e-18	1.25601e-18	4.39841e-19	2.84782e-19	4.49161e-20	1.02313e-19	
5.81293e-20	7.46691e-21	1.83716e-19	4.03853e-19	1.08614e-18	2.6334e-18	6.6099e-18	1.59122e-17	3.71742e-17	8.53315e-17	1.91782e-16	4.22664e-16	9.12936e-16	1.93266e-15	4.01033e-15	8.15695e-15	1.62628e-14	3.17814e-14	6.08783e-14	1.14306e-13	2.10372e-13	3.79508e-13	6.71072e-13	1.16314e-12	1.97609e-12	3.29077e-12	5.37157e-12	8.59449e-12	1.34788e-11	2.07204e-11	3.12219e-11	4.61142e-11	6.67611e-11	9.47386e-11	1.31778e-10	1.7967e-10	2.40116e-10	3.14543e-10	4.03881e-10	5.08325e-10	6.27109e-10	7.58332e-10	8.98854e-10	1.04432e-09	1.1893e-09	1.32759e-09	1.45262e-09	1.55794e-09	1.63782e-09	1.6877e-09	1.70466e-09	1.6877e-09	1.63782e-09	1.55794e-09	1.45262e-09	1.32759e-09	1.1893e-09	1.04432e-09	8.98854e-10	7.58332e-10	6.27109e-10	5.08325e-10	4.03881e-10	3.14543e-10	2.40116e-10	1.7967e-10	1.31778e-10	9.47386e-11	6.67611e-11	4.61142e-11	3.12219e-11	2.07204e-11	1.34788e-11	8.59449e-12	5.37157e-12	3.29077e-12	1.97609e-12	1.16314e-12	6.71072e-13	3.79508e-13	2.10372e-13	1.14306e-13	6.08782e-14	3.17812e-14	1.62627e-14	8.15694e-15	4.01033e-15	1.93259e-15	9.12814e-16	4.2264e-16	1.9181e-16	8.52605e-17	3.72091e-17	1.59371e-17	6.65274e-18	2.71284e-18	1.01623e-18	4.97406e-19	1.24847e-19	1.21756e-19	
8.03536e-20	1.87263e-19	4.85578e-19	9.99485e-19	2.42859e-18	5.8008e-18	1.41648e-17	3.37915e-17	7.88555e-17	1.80754e-16	4.06148e-16	8.94882e-16	1.93272e-15	4.09145e-15	8.48991e-15	1.72683e-14	3.44282e-14	6.7281e-14	1.28879e-13	2.41985e-13	4.45357e-13	8.03419e-13	1.42066e-12	2.46236e-12	4.18339e-12	6.96656e-12	1.13716e-11	1.81945e-11	2.85347e-11	4.38652e-11	6.60968e-11	9.76238e-11	1.41333e-10	2.00562e-10	2.78975e-10	3.80361e-10	5.08325e-10	6.65888e-10	8.55017e-10	1.07612e-09	1.32759e-09	1.60539e-09	1.90287e-09	2.21083e-09	2.51775e-09	2.81051e-09	3.07519e-09	3.29816e-09	3.46726e-09	3.57286e-09	3.60877e-09	3.57286e-09	3.46726e-09	3.29816e-09	3.07519e-09	2.81051e-09	2.51775e-09	2.21083e-09	1.90287e-09	1.60539e-09	1.32759e-09	1.07612e-09	8.55017e-10	6.65888e-10	5.08325e-10	3.80361e-10	2.78975e-10	2.00562e-10	1.41333e-10	9.76238e-11	6.60968e-11	4.38652e-11	2.85347e-11	1.81945e-11	1.13716e-11	6.96656e-12	4.18339e-12	2.46236e-12	1.42066e-12	8.03419e-13	4.45357e-13	2.41985e-13	1.28879e-13	6.72809e-14	3.44282e-14	1.72683e-14	8.48985e-15	4.0913e-15	1.93251e-15	8.94758e-16	4.06062e-16	1.80566e-16	7.87511e-17	3.3683e-17	1.40731e-17	5.74648e-18	2.21373e-18	9.32415e-19	2.87031e-19	1.3453e-19	
4.66662e-20	2.60825e-19	7.85227e-19	1.89141e-18	4.82861e-18	1.19121e-17	2.92088e-17	6.9867e-17	1.6343e-16	3.74854e-16	8.42627e-16	1.85678e-15	4.01033e-15	8.4899e-15	1.76171e-14	3.58331e-14	7.14413e-14	1.39613e-13	2.67435e-13	5.02139e-13	9.24152e-13	1.66716e-12	2.94798e-12	5.1096e-12	8.68086e-12	1.44562e-11	2.3597e-11	3.77551e-11	5.92118e-11	9.10238e-11	1.37156e-10	2.02577e-10	2.93278e-10	4.16181e-10	5.78895e-10	7.8928e-10	1.05482e-09	1.38177e-09	1.77423e-09	2.23304e-09	2.75486e-09	3.33131e-09	3.94862e-09	4.58764e-09	5.22453e-09	5.83203e-09	6.38126e-09	6.84395e-09	7.19485e-09	7.41397e-09	7.48848e-09	7.41397e-09	7.19485e-09	6.84395e-09	6.38126e-09	5.83203e-09	5.22453e-09	4.58764e-09	3.94862e-09	3.33131e-09	2.75486e-09	2.23304e-09	1.77423e-09	1.38177e-09	1.05482e-09	7.8928e-10	5.78895e-10	4.16181e-10	2.93278e-10	2.02577e-10	1.37156e-10	9.10238e-11	5.92118e-11	3.77551e-11	2.3597e-11	1.44562e-11	8.68086e-12	5.1096e-12	2.94798e-12	1.66716e-12	9.24152e-13	5.02139e-13	2.67435e-13	1.39613e-13	7.14414e-14	3.58333e-14	1.76173e-14	8.48995e-15	4.01034e-15	1.85686e-15	8.42743e-16	3.74865e-16	1.635e-16	6.99339e-17	2.92841e-17	1.20181e-17	4.75939e-18	1.95808e-18	6.85343e-19	2.99325e-19	
7.35635e-20	6.2754e-19	1.61563e-18	3.92733e-18	9.8908e-18	2.43977e-17	5.9531e-17	1.42165e-16	3.32513e-16	7.6253e-16	1.71403e-15	3.77676e-15	8.15702e-15	1.72684e-14	3.58332e-14	7.28844e-14	1.45311e-13	2.83972e-13	5.4396e-13	1.02135e-12	1.87972e-12	3.39099e-12	5.99617e-12	1.03929e-11	1.76568e-11	2.94037e-11	4.79962e-11	7.67936e-11	1.20436e-10	1.85142e-10	2.78975e-10	4.1204e-10	5.96525e-10	8.46509e-10	1.17747e-09	1.60539e-09	2.14549e-09	2.81051e-09	3.60877e-09	4.54199e-09	5.60336e-09	6.77586e-09	8.03146e-09	9.33122e-09	1.06267e-08	1.18623e-08	1.29794e-08	1.39205e-08	1.46343e-08	1.50799e-08	1.52315e-08	1.50799e-08	1.46343e-08	1.39205e-08	1.29794e-08	1.18623e-08	1.06267e-08	9.33122e-09	8.03146e-09	6.77586e-09	5.60336e-09	4.54199e-09	3.60877e-09	2.81051e-09	2.14549e-09	1.60539e-09	1.17747e-09	8.46509e-10	5.96525e-10	4.1204e-10	2.78975e-10	1.85142e-10	1.20436e-10	7.67936e-11	4.79962e-11	2.94037e-11	1.76568e-11	1.03929e-11	5.99617e-12	3.39099e-12	1.87972e-12	1.02135e-12	5.4396e-13	2.83972e-13	1.45311e-13	7.28844e-14	3.58332e-14	1.72683e-14	8.15685e-15	3.77668e-15	1.71396e-15	7.62369e-16	3.32397e-16	1.42057e-16	5.94345e-17	2.4338e-17	9.65575e-18	3.82437e-18	1.34523e-18	4.81048e-19	
1.34108e-19	1.07007e-18	2.99671e-18	7.67914e-18	1.95717e-17	4.86059e-17	1.18622e-16	2.83324e-16	6.6288e-16	1.52023e-15	3.41731e-15	7.52982e-15	1.62628e-14	3.44283e-14	7.14413e-14	1.45311e-13	2.89709e-13	5.6616e-13	1.0845e-12	2.03627e-12	3.74762e-12	6.76066e-12	1.19547e-11	2.07204e-11	3.52026e-11	5.86226e-11	9.56907e-11	1.53105e-10	2.40116e-10	3.6912e-10	5.56196e-10	8.21491e-10	1.1893e-09	1.6877e-09	2.34753e-09	3.20069e-09	4.27749e-09	5.60336e-09	7.19485e-09	9.05544e-09	1.11715e-08	1.35091e-08	1.60124e-08	1.86038e-08	2.11865e-08	2.36501e-08	2.58773e-08	2.77536e-08	2.91766e-08	3.00651e-08	3.03673e-08	3.00651e-08	2.91766e-08	2.77536e-08	2.58773e-08	2.36501e-08	2.11865e-08	1.86038e-08	1.60124e-08	1.35091e-08	1.11715e-08	9.05544e-09	7.19485e-09	5.60336e-09	4.27749e-09	3.20069e-09	2.34753e-09	1.6877e-09	1.1893e-09	8.21491e-10	5.56196e-10	3.6912e-10	2.40116e-10	1.53105e-10	9.56907e-11	5.86226e-11	3.52026e-11	2.07204e-11	1.19547e-11	6.76066e-12	3.74762e-12	2.03627e-12	1.0845e-12	5.6616e-13	2.89709e-13	1.45311e-13	7.14414e-14	3.44283e-14	1.62627e-14	7.52989e-15	3.41742e-15	1.52026e-15	6.62967e-16	2.83447e-16	1.18771e-16	4.88108e-17	1.96123e-17	7.85176e-18	3.00759e-18	1.195e-18	
3.03369e-19	2.26177e-18	5.9639e-18	1.51769e-17	3.84063e-17	9.5234e-17	2.32007e-16	5.53802e-16	1.29556e-15	2.97101e-15	6.67841e-15	1.47152e-14	3.17814e-14	6.7281e-14	1.39613e-13	2.83972e-13	5.6616e-13	1.10641e-12	2.11937e-12	3.97936e-12	7.32374e-12	1.32119e-11	2.33622e-11	4.04927e-11	6.87943e-11	1.14563e-10	1.87002e-10	2.99203e-10	4.69243e-10	7.21348e-10	1.08694e-09	1.60539e-09	2.32418e-09	3.29816e-09	4.58764e-09	6.2549e-09	8.35923e-09	1.09503e-08	1.40604e-08	1.76965e-08	2.18318e-08	2.64e-08	3.12921e-08	3.63562e-08	4.14035e-08	4.62178e-08	5.05704e-08	5.42371e-08	5.70179e-08	5.87544e-08	5.93449e-08	5.87544e-08	5.70179e-08	5.42371e-08	5.05704e-08	4.62178e-08	4.14035e-08	3.63562e-08	3.12921e-08	2.64e-08	2.18318e-08	1.76965e-08	1.40604e-08	1.09503e-08	8.35923e-09	6.2549e-09	4.58764e-09	3.29816e-09	2.32418e-09	1.60539e-09	1.08694e-09	7.21348e-10	4.69243e-10	2.99203e-10	1.87002e-10	1.14563e-10	6.87943e-11	4.04927e-11	2.33622e-11	1.32119e-11	7.32374e-12	3.97936e-12	2.11937e-12	1.10641e-12	5.6616e-13	2.83972e-13	1.39613e-13	6.72808e-14	3.17812e-14	1.47151e-14	6.67834e-15	2.97087e-15	1.29546e-15	5.53746e-16	2.31978e-16	9.52674e-17	3.82817e-17	1.51803e-17	5.81407e-18	2.21028e-18	
4.47547e-19	4.27183e-18	1.12934e-17	2.89986e-17	7.34798e-17	1.82415e-16	4.44355e-16	1.0607e-15	2.48158e-15	5.69098e-15	1.27927e-14	2.81874e-14	6.08784e-14	1.28879e-13	2.67435e-13	5.4396e-13	1.0845e-12	2.11937e-12	4.05975e-12	7.62263e-12	1.40289e-11	2.5308e-11	4.47513e-11	7.75654e-11	1.31778e-10	2.19449e-10	3.58211e-10	5.73135e-10	8.98854e-10	1.38177e-09	2.08208e-09	3.07519e-09	4.45205e-09	6.31777e-09	8.78781e-09	1.19815e-08	1.60124e-08	2.09757e-08	2.69334e-08	3.38983e-08	4.18196e-08	5.05704e-08	5.99413e-08	6.96419e-08	7.93101e-08	8.85322e-08	9.68696e-08	1.03893e-07	1.0922e-07	1.12546e-07	1.13678e-07	1.12546e-07	1.0922e-07	1.03893e-07	9.68696e-08	8.85322e-08	7.93101e-08	6.96419e-08	5.99413e-08	5.05704e-08	4.18196e-08	3.38983e-08	2.69334e-08	2.09757e-08	1.60124e-08	1.19815e-08	8.78781e-09	6.31777e-09	4.45205e-09	3.07519e-09	2.08208e-09	1.38177e-09	8.98854e-10	5.73135e-10	3.58211e-10	2.19449e-10	1.31778e-10	7.75654e-11	4.47513e-11	2.5308e-11	1.40289e-11	7.62263e-12	4.05975e-12	2.11937e-12	1.0845e-12	5.4396e-13	2.67435e-13	1.28879e-13	6.08783e-14	2.81874e-14	1.27927e-14	5.69092e-15	2.48154e-15	1.0607e-15	4.44369e-16	1.82486e-16	7.33875e-17	2.90199e-17	1.11608e-17	4.2187e-18	
8.40311e-19	7.98736e-18	2.11089e-17	5.4409e-17	1.37916e-16	3.42535e-16	8.34305e-16	1.9915e-15	4.65937e-15	1.06854e-14	2.40197e-14	5.2925e-14	1.14306e-13	2.41985e-13	5.02139e-13	1.02135e-12	2.03627e-12	3.97936e-12	7.62263e-12	1.43123e-11	2.63409e-11	4.75186e-11	8.40256e-11	1.45638e-10	2.47428e-10	4.1204e-10	6.7258e-10	1.07612e-09	1.6877e-09	2.59443e-09	3.90933e-09	5.774e-09	8.35923e-09	1.18623e-08	1.65001e-08	2.24966e-08	3.00651e-08	3.93842e-08	5.05704e-08	6.36479e-08	7.8521e-08	9.49515e-08	1.12546e-07	1.3076e-07	1.48914e-07	1.66229e-07	1.81883e-07	1.95071e-07	2.05073e-07	2.11318e-07	2.13442e-07	2.11318e-07	2.05073e-07	1.95071e-07	1.81883e-07	1.66229e-07	1.48914e-07	1.3076e-07	1.12546e-07	9.49515e-08	7.8521e-08	6.36479e-08	5.05704e-08	3.93842e-08	3.00651e-08	2.24966e-08	1.65001e-08	1.18623e-08	8.35923e-09	5.774e-09	3.90933e-09	2.59443e-09	1.6877e-09	1.07612e-09	6.7258e-10	4.1204e-10	2.47428e-10	1.45638e-10	8.40256e-11	4.75186e-11	2.63409e-11	1.43123e-11	7.62263e-12	3.97936e-12	2.03627e-12	1.02135e-12	5.02139e-13	2.41985e-13	1.14306e-13	5.2925e-14	2.40197e-14	1.06853e-14	4.6593e-15	1.99149e-15	8.34303e-16	3.42601e-16	1.37835e-16	5.44423e-17	2.10004e-17	7.94697e-18	
1.50871e-18	1.46985e-17	3.88026e-17	1.00154e-16	2.53841e-16	6.30509e-16	1.53553e-15	3.66522e-15	8.57527e-15	1.96657e-14	4.42067e-14	9.74049e-14	2.10372e-13	4.45357e-13	9.24152e-13	1.87972e-12	3.74762e-12	7.32374e-12	1.40289e-11	2.63409e-11	4.84785e-11	8.74547e-11	1.54643e-10	2.68036e-10	4.55375e-10	7.58332e-10	1.23784e-09	1.98053e-09	3.10609e-09	4.77487e-09	7.19485e-09	1.06267e-08	1.53846e-08	2.18318e-08	3.03673e-08	4.14035e-08	5.53328e-08	7.2484e-08	9.30713e-08	1.1714e-07	1.44512e-07	1.74752e-07	2.07134e-07	2.40655e-07	2.74065e-07	3.05933e-07	3.34744e-07	3.59016e-07	3.77423e-07	3.88917e-07	3.92826e-07	3.88917e-07	3.77423e-07	3.59016e-07	3.34744e-07	3.05933e-07	2.74065e-07	2.40655e-07	2.07134e-07	1.74752e-07	1.44512e-07	1.1714e-07	9.30713e-08	7.2484e-08	5.53328e-08	4.14035e-08	3.03673e-08	2.18318e-08	1.53846e-08	1.06267e-08	7.19485e-09	4.77487e-09	3.10609e-09	1.98053e-09	1.23784e-09	7.58332e-10	4.55375e-10	2.68036e-10	1.54643e-10	8.74547e-11	4.84785e-11	2.63409e-11	1.40289e-11	7.32374e-12	3.74762e-12	1.87972e-12	9.24152e-13	4.45357e-13	2.10372e-13	9.74049e-14	4.42067e-14	1.96657e-14	8.57521e-15	3.66522e-15	1.53552e-15	6.30569e-16	2.53758e-16	1.00175e-16	3.86862e-17	1.46346e-17	
2.76713e-18	2.64485e-17	6.98828e-17	1.80614e-16	4.57858e-16	1.13744e-15	2.77004e-15	6.61193e-15	1.54696e-14	3.54767e-14	7.97483e-14	1.75717e-13	3.79508e-13	8.03419e-13	1.66716e-12	3.39099e-12	6.76066e-12	1.32119e-11	2.5308e-11	4.75186e-11	8.74547e-11	1.57767e-10	2.78975e-10	4.83534e-10	8.21491e-10	1.36802e-09	2.23304e-09	3.57286e-09	5.60336e-09	8.6138e-09	1.29794e-08	1.91704e-08	2.77536e-08	3.93842e-08	5.47822e-08	7.46915e-08	9.98197e-08	1.3076e-07	1.679e-07	2.11318e-07	2.60699e-07	3.1525e-07	3.73667e-07	4.34139e-07	4.9441e-07	5.51899e-07	6.03874e-07	6.4766e-07	6.80866e-07	7.01602e-07	7.08653e-07	7.01602e-07	6.80866e-07	6.4766e-07	6.03874e-07	5.51899e-07	4.9441e-07	4.34139e-07	3.73667e-07	3.1525e-07	2.60699e-07	2.11318e-07	1.679e-07	1.3076e-07	9.98197e-08	7.46915e-08	5.47822e-08	3.93842e-08	2.77536e-08	1.91704e-08	1.29794e-08	8.6138e-09	5.60336e-09	3.57286e-09	2.23304e-09	1.36802e-09	8.21491e-10	4.83534e-10	2.78975e-10	1.57767e-10	8.74547e-11	4.75186e-11	2.5308e-11	1.32119e-11	6.76066e-12	3.39099e-12	1.66716e-12	8.03419e-13	3.79508e-13	1.75717e-13	7.97483e-14	3.54767e-14	1.54696e-14	6.61198e-15	2.77008e-15	1.13756e-15	4.5786e-16	1.80727e-16	6.98749e-17	2.64894e-17	
4.95928e-18	4.68404e-17	1.236e-16	3.1945e-16	8.09676e-16	2.01141e-15	4.89823e-15	1.16917e-14	2.73544e-14	6.27323e-14	1.41016e-13	3.10715e-13	6.71072e-13	1.42066e-12	2.94798e-12	5.99617e-12	1.19547e-11	2.33622e-11	4.47513e-11	8.40256e-11	1.54643e-10	2.78975e-10	4.93302e-10	8.55017e-10	1.45262e-09	2.41903e-09	3.94862e-09	6.31777e-09	9.90823e-09	1.52315e-08	2.29511e-08	3.38983e-08	4.90758e-08	6.96419e-08	9.68696e-08	1.32074e-07	1.76508e-07	2.31219e-07	2.96891e-07	3.73667e-07	4.60985e-07	5.57446e-07	6.60744e-07	7.67674e-07	8.74249e-07	9.75906e-07	1.06781e-06	1.14524e-06	1.20395e-06	1.24062e-06	1.25309e-06	1.24062e-06	1.20395e-06	1.14524e-06	1.06781e-06	9.75906e-07	8.74249e-07	7.67674e-07	6.60744e-07	5.57446e-07	4.60985e-07	3.73667e-07	2.96891e-07	2.31219e-07	1.76508e-07	1.32074e-07	9.68696e-08	6.96419e-08	4.90758e-08	3.38983e-08	2.29511e-08	1.52315e-08	9.90823e-09	6.31777e-09	3.94862e-09	2.41903e-09	1.45262e-09	8.55017e-10	4.93302e-10	2.78975e-10	1.54643e-10	8.40256e-11	4.47513e-11	2.33622e-11	1.19547e-11	5.99617e-12	2.94798e-12	1.42066e-12	6.71072e-13	3.10715e-13	1.41016e-13	6.27323e-14	2.73544e-14	1.16917e-14	4.89825e-15	2.0115e-15	8.09647e-16	3.19518e-16	1.23548e-16	4.68239e-17	
8.53143e-18	8.11763e-17	2.14183e-16	5.53693e-16	1.40338e-15	3.48636e-15	8.48991e-15	2.02646e-14	4.74121e-14	1.08731e-13	2.44417e-13	5.38548e-13	1.16314e-12	2.46236e-12	5.1096e-12	1.03929e-11	2.07204e-11	4.04927e-11	7.75654e-11	1.45638e-10	2.68036e-10	4.83534e-10	8.55017e-10	1.48196e-09	2.51775e-09	4.19279e-09	6.84395e-09	1.09503e-08	1.71735e-08	2.64e-08	3.97801e-08	5.87544e-08	8.50608e-08	1.20707e-07	1.679e-07	2.28918e-07	3.05933e-07	4.00761e-07	5.14588e-07	6.4766e-07	7.99004e-07	9.66195e-07	1.14524e-06	1.33057e-06	1.5153e-06	1.69149e-06	1.85079e-06	1.98498e-06	2.08676e-06	2.15031e-06	2.17192e-06	2.15031e-06	2.08676e-06	1.98498e-06	1.85079e-06	1.69149e-06	1.5153e-06	1.33057e-06	1.14524e-06	9.66195e-07	7.99004e-07	6.4766e-07	5.14588e-07	4.00761e-07	3.05933e-07	2.28918e-07	1.679e-07	1.20707e-07	8.50608e-08	5.87544e-08	3.97801e-08	2.64e-08	1.71735e-08	1.09503e-08	6.84395e-09	4.19279e-09	2.51775e-09	1.48196e-09	8.55017e-10	4.83534e-10	2.68036e-10	1.45638e-10	7.75654e-11	4.04927e-11	2.07204e-11	1.03929e-11	5.1096e-12	2.46236e-12	1.16314e-12	5.38548e-13	2.44417e-13	1.08731e-13	4.74119e-14	2.02646e-14	8.48982e-15	3.48637e-15	1.40329e-15	5.53718e-16	2.14109e-16	8.11382e-17	
1.45505e-17	1.3795e-16	3.63884e-16	9.40728e-16	2.38427e-15	5.92316e-15	1.44238e-14	3.44283e-14	8.05499e-14	1.84727e-13	4.15248e-13	9.14956e-13	1.97609e-12	4.18339e-12	8.68086e-12	1.76568e-11	3.52026e-11	6.87943e-11	1.31778e-10	2.47428e-10	4.55375e-10	8.21491e-10	1.45262e-09	2.51775e-09	4.27749e-09	7.12326e-09	1.16274e-08	1.86038e-08	2.91766e-08	4.48519e-08	6.75836e-08	9.98197e-08	1.44512e-07	2.05073e-07	2.8525e-07	3.88917e-07	5.19759e-07	6.80866e-07	8.74249e-07	1.10033e-06	1.35745e-06	1.6415e-06	1.94568e-06	2.26056e-06	2.57438e-06	2.87373e-06	3.14436e-06	3.37235e-06	3.54526e-06	3.65323e-06	3.68994e-06	3.65323e-06	3.54526e-06	3.37235e-06	3.14436e-06	2.87373e-06	2.57438e-06	2.26056e-06	1.94568e-06	1.6415e-06	1.35745e-06	1.10033e-06	8.74249e-07	6.80866e-07	5.19759e-07	3.88917e-07	2.8525e-07	2.05073e-07	1.44512e-07	9.98197e-08	6.75836e-08	4.48519e-08	2.91766e-08	1.86038e-08	1.16274e-08	7.12326e-09	4.27749e-09	2.51775e-09	1.45262e-09	8.21491e-10	4.55375e-10	2.47428e-10	1.31778e-10	6.87943e-11	3.52026e-11	1.76568e-11	8.68086e-12	4.18339e-12	1.97609e-12	9.14956e-13	4.15248e-13	1.84726e-13	8.05498e-14	3.44282e-14	1.44237e-14	5.92317e-15	2.38418e-15	9.4073e-16	3.63781e-16	1.37868e-16	
2.41926e-17	2.29708e-16	6.05925e-16	1.56658e-15	3.97049e-15	9.86382e-15	2.40198e-14	5.7333e-14	1.34139e-13	3.07623e-13	6.91509e-13	1.52367e-12	3.29077e-12	6.96656e-12	1.44562e-11	2.94037e-11	5.86226e-11	1.14563e-10	2.19449e-10	4.1204e-10	7.58332e-10	1.36802e-09	2.41903e-09	4.19279e-09	7.12326e-09	1.18623e-08	1.9363e-08	3.09807e-08	4.85875e-08	7.46915e-08	1.12546e-07	1.66229e-07	2.40655e-07	3.41506e-07	4.75024e-07	6.4766e-07	8.65551e-07	1.13384e-06	1.45588e-06	1.83237e-06	2.26056e-06	2.73358e-06	3.24012e-06	3.76448e-06	4.2871e-06	4.7856e-06	5.23628e-06	5.61595e-06	5.90388e-06	6.08368e-06	6.14483e-06	6.08368e-06	5.90388e-06	5.61595e-06	5.23628e-06	4.7856e-06	4.2871e-06	3.76448e-06	3.24012e-06	2.73358e-06	2.26056e-06	1.83237e-06	1.45588e-06	1.13384e-06	8.65551e-07	6.4766e-07	4.75024e-07	3.41506e-07	2.40655e-07	1.66229e-07	1.12546e-07	7.46915e-08	4.85875e-08	3.09807e-08	1.9363e-08	1.18623e-08	7.12326e-09	4.19279e-09	2.41903e-09	1.36802e-09	7.58332e-10	4.1204e-10	2.19449e-10	1.14563e-10	5.86226e-11	2.94037e-11	1.44562e-11	6.96656e-12	3.29077e-12	1.52367e-12	6.91509e-13	3.07623e-13	1.34139e-13	5.7333e-14	2.40197e-14	9.86379e-15	3.97036e-15	1.56655e-15	6.05799e-16	2.29601e-16	
3.95174e-17	3.74895e-16	9.88971e-16	2.55709e-15	6.48103e-15	1.61009e-14	3.92079e-14	9.35856e-14	2.18957e-13	5.02139e-13	1.12876e-12	2.48711e-12	5.37157e-12	1.13716e-11	2.3597e-11	4.79962e-11	9.56907e-11	1.87002e-10	3.58211e-10	6.7258e-10	1.23784e-09	2.23304e-09	3.94862e-09	6.84395e-09	1.16274e-08	1.9363e-08	3.16066e-08	5.05704e-08	7.93101e-08	1.2192e-07	1.83711e-07	2.71338e-07	3.92826e-07	5.57446e-07	7.7539e-07	1.05719e-06	1.41285e-06	1.85079e-06	2.37646e-06	2.99101e-06	3.68994e-06	4.46206e-06	5.2889e-06	6.14483e-06	6.9979e-06	7.81161e-06	8.54726e-06	9.167e-06	9.63701e-06	9.9305e-06	1.00303e-05	9.9305e-06	9.63701e-06	9.167e-06	8.54726e-06	7.81161e-06	6.9979e-06	6.14483e-06	5.2889e-06	4.46206e-06	3.68994e-06	2.99101e-06	2.37646e-06	1.85079e-06	1.41285e-06	1.05719e-06	7.7539e-07	5.57446e-07	3.92826e-07	2.71338e-07	1.83711e-07	1.2192e-07	7.93101e-08	5.05704e-08	3.16066e-08	1.9363e-08	1.16274e-08	6.84395e-09	3.94862e-09	2.23304e-09	1.23784e-09	6.7258e-10	3.58211e-10	1.87002e-10	9.56907e-11	4.79962e-11	2.3597e-11	1.13716e-11	5.37157e-12	2.48711e-12	1.12876e-12	5.02139e-13	2.18957e-13	9.35856e-14	3.92078e-14	1.61009e-14	6.48096e-15	2.55712e-15	9.88916e-16	3.74859e-16	
6.32721e-17	5.99745e-16	1.58225e-15	4.09127e-15	1.03695e-14	2.57613e-14	6.27323e-14	1.49736e-13	3.5033e-13	8.03419e-13	1.80601e-12	3.97936e-12	8.59449e-12	1.81945e-11	3.77551e-11	7.67936e-11	1.53105e-10	2.99203e-10	5.73135e-10	1.07612e-09	1.98053e-09	3.57286e-09	6.31777e-09	1.09503e-08	1.86038e-08	3.09807e-08	5.05704e-08	8.09123e-08	1.26896e-07	1.95071e-07	2.93937e-07	4.34139e-07	6.28519e-07	8.9191e-07	1.24062e-06	1.69149e-06	2.26056e-06	2.96125e-06	3.80232e-06	4.7856e-06	5.90388e-06	7.13927e-06	8.46221e-06	9.83169e-06	1.11966e-05	1.24985e-05	1.36756e-05	1.46672e-05	1.54192e-05	1.58887e-05	1.60484e-05	1.58887e-05	1.54192e-05	1.46672e-05	1.36756e-05	1.24985e-05	1.11966e-05	9.83169e-06	8.46221e-06	7.13927e-06	5.90388e-06	4.7856e-06	3.80232e-06	2.96125e-06	2.26056e-06	1.69149e-06	1.24062e-06	8.9191e-07	6.28519e-07	4.34139e-07	2.93937e-07	1.95071e-07	1.26896e-07	8.09123e-08	5.05704e-08	3.09807e-08	1.86038e-08	1.09503e-08	6.31777e-09	3.57286e-09	1.98053e-09	1.07612e-09	5.73135e-10	2.99203e-10	1.53105e-10	7.67936e-11	3.77551e-11	1.81945e-11	8.59449e-12	3.97936e-12	1.80601e-12	8.03419e-13	3.5033e-13	1.49736e-13	6.27323e-14	2.57614e-14	1.03696e-14	4.09148e-15	1.58239e-15	5.99905e-16	
9.92287e-17	9.40685e-16	2.48153e-15	6.41649e-15	1.62627e-14	4.04018e-14	9.83839e-14	2.34833e-13	5.49427e-13	1.26001e-12	2.83239e-12	6.24088e-12	1.34788e-11	2.85347e-11	5.92118e-11	1.20436e-10	2.40116e-10	4.69243e-10	8.98854e-10	1.6877e-09	3.10609e-09	5.60336e-09	9.90823e-09	1.71735e-08	2.91766e-08	4.85875e-08	7.93101e-08	1.26896e-07	1.99012e-07	3.05933e-07	4.60985e-07	6.80866e-07	9.85714e-07	1.39879e-06	1.94568e-06	2.65279e-06	3.54526e-06	4.64416e-06	5.96322e-06	7.50531e-06	9.25913e-06	1.11966e-05	1.32714e-05	1.54192e-05	1.75598e-05	1.96016e-05	2.14476e-05	2.30027e-05	2.4182e-05	2.49185e-05	2.51689e-05	2.49185e-05	2.4182e-05	2.30027e-05	2.14476e-05	1.96016e-05	1.75598e-05	1.54192e-05	1.32714e-05	1.11966e-05	9.25913e-06	7.50531e-06	5.96322e-06	4.64416e-06	3.54526e-06	2.65279e-06	1.94568e-06	1.39879e-06	9.85714e-07	6.80866e-07	4.60985e-07	3.05933e-07	1.99012e-07	1.26896e-07	7.93101e-08	4.85875e-08	2.91766e-08	1.71735e-08	9.90823e-09	5.60336e-09	3.10609e-09	1.6877e-09	8.98854e-10	4.69243e-10	2.40116e-10	1.20436e-10	5.92118e-11	2.85347e-11	1.34788e-11	6.24088e-12	2.83239e-12	1.26001e-12	5.49427e-13	2.34833e-13	9.83838e-14	4.04019e-14	1.62627e-14	6.4166e-15	2.48158e-15	9.40748e-16	
1.52431e-16	1.44605e-15	3.81472e-15	9.86378e-15	2.5e-14	6.2108e-14	1.51241e-13	3.60999e-13	8.44611e-13	1.93696e-12	4.35411e-12	9.59384e-12	2.07204e-11	4.38652e-11	9.10238e-11	1.85142e-10	3.6912e-10	7.21348e-10	1.38177e-09	2.59443e-09	4.77487e-09	8.6138e-09	1.52315e-08	2.64e-08	4.48519e-08	7.46915e-08	1.2192e-07	1.95071e-07	3.05933e-07	4.70298e-07	7.08653e-07	1.04667e-06	1.5153e-06	2.15031e-06	2.99101e-06	4.07802e-06	5.44997e-06	7.13927e-06	9.167e-06	1.15376e-05	1.42337e-05	1.72121e-05	2.04015e-05	2.37032e-05	2.69939e-05	3.01327e-05	3.29704e-05	3.5361e-05	3.7174e-05	3.83062e-05	3.86911e-05	3.83062e-05	3.7174e-05	3.5361e-05	3.29704e-05	3.01327e-05	2.69939e-05	2.37032e-05	2.04015e-05	1.72121e-05	1.42337e-05	1.15376e-05	9.167e-06	7.13927e-06	5.44997e-06	4.07802e-06	2.99101e-06	2.15031e-06	1.5153e-06	1.04667e-06	7.08653e-07	4.70298e-07	3.05933e-07	1.95071e-07	1.2192e-07	7.46915e-08	4.48519e-08	2.64e-08	1.52315e-08	8.6138e-09	4.77487e-09	2.59443e-09	1.38177e-09	7.21348e-10	3.6912e-10	1.85142e-10	9.10238e-11	4.38652e-11	2.07204e-11	9.59384e-12	4.35411e-12	1.93696e-12	8.44611e-13	3.60999e-13	1.51241e-13	6.2108e-14	2.5e-14	9.8639e-15	3.81478e-15	1.44613e-15	
2.29723e-16	2.17898e-15	5.7481e-15	1.4863e-14	3.76705e-14	9.35855e-14	2.27893e-13	5.4396e-13	1.27268e-12	2.91865e-12	6.56086e-12	1.44562e-11	3.12219e-11	6.60968e-11	1.37156e-10	2.78975e-10	5.56196e-10	1.08694e-09	2.08208e-09	3.90933e-09	7.19485e-09	1.29794e-08	2.29511e-08	3.97801e-08	6.75836e-08	1.12546e-07	1.83711e-07	2.93937e-07	4.60985e-07	7.08653e-07	1.06781e-06	1.57714e-06	2.28327e-06	3.24012e-06	4.5069e-06	6.14483e-06	8.21211e-06	1.07576e-05	1.3813e-05	1.7385e-05	2.14476e-05	2.59354e-05	3.07414e-05	3.57164e-05	4.06749e-05	4.54045e-05	4.96804e-05	5.32826e-05	5.60145e-05	5.77204e-05	5.83005e-05	5.77204e-05	5.60145e-05	5.32826e-05	4.96804e-05	4.54045e-05	4.06749e-05	3.57164e-05	3.07414e-05	2.59354e-05	2.14476e-05	1.7385e-05	1.3813e-05	1.07576e-05	8.21211e-06	6.14483e-06	4.5069e-06	3.24012e-06	2.28327e-06	1.57714e-06	1.06781e-06	7.08653e-07	4.60985e-07	2.93937e-07	1.83711e-07	1.12546e-07	6.75836e-08	3.97801e-08	2.29511e-08	1.29794e-08	7.19485e-09	3.90933e-09	2.08208e-09	1.08694e-09	5.56196e-10	2.78975e-10	1.37156e-10	6.60968e-11	3.12219e-11	1.44562e-11	6.56086e-12	2.91865e-12	1.27268e-12	5.4396e-13	2.27893e-13	9.35856e-14	3.76705e-14	1.48631e-14	5.74819e-15	2.17907e-15	
3.39252e-16	3.21832e-15	8.48985e-15	2.19523e-14	5.56386e-14	1.38224e-13	3.36594e-13	8.03419e-13	1.87972e-12	4.31079e-12	9.69026e-12	2.13515e-11	4.61142e-11	9.76238e-11	2.02577e-10	4.1204e-10	8.21491e-10	1.60539e-09	3.07519e-09	5.774e-09	1.06267e-08	1.91704e-08	3.38983e-08	5.87544e-08	9.98197e-08	1.66229e-07	2.71338e-07	4.34139e-07	6.80866e-07	1.04667e-06	1.57714e-06	2.3294e-06	3.37235e-06	4.7856e-06	6.65661e-06	9.07579e-06	1.21291e-05	1.58887e-05	2.04015e-05	2.56774e-05	3.16776e-05	3.83062e-05	4.54045e-05	5.27525e-05	6.0076e-05	6.70615e-05	7.3377e-05	7.86974e-05	8.27323e-05	8.52519e-05	8.61087e-05	8.52519e-05	8.27323e-05	7.86974e-05	7.3377e-05	6.70615e-05	6.0076e-05	5.27525e-05	4.54045e-05	3.83062e-05	3.16776e-05	2.56774e-05	2.04015e-05	1.58887e-05	1.21291e-05	9.07579e-06	6.65661e-06	4.7856e-06	3.37235e-06	2.3294e-06	1.57714e-06	1.04667e-06	6.80866e-07	4.34139e-07	2.71338e-07	1.66229e-07	9.98197e-08	5.87544e-08	3.38983e-08	1.91704e-08	1.06267e-08	5.774e-09	3.07519e-09	1.60539e-09	8.21491e-10	4.1204e-10	2.02577e-10	9.76238e-11	4.61142e-11	2.13515e-11	9.69026e-12	4.31079e-12	1.87972e-12	8.03419e-13	3.36594e-13	1.38224e-13	5.56385e-14	2.19524e-14	8.48992e-15	3.21841e-15	
4.91133e-16	4.65922e-15	1.2291e-14	3.17811e-14	8.05498e-14	2.00112e-13	4.87298e-13	1.16314e-12	2.72133e-12	6.24088e-12	1.40289e-11	3.09113e-11	6.67611e-11	1.41333e-10	2.93278e-10	5.96525e-10	1.1893e-09	2.32418e-09	4.45205e-09	8.35923e-09	1.53846e-08	2.77536e-08	4.90758e-08	8.50608e-08	1.44512e-07	2.40655e-07	3.92826e-07	6.28519e-07	9.85714e-07	1.5153e-06	2.28327e-06	3.37235e-06	4.88227e-06	6.92827e-06	9.63701e-06	1.31393e-05	1.75598e-05	2.30027e-05	2.9536e-05	3.7174e-05	4.58608e-05	5.54571e-05	6.57336e-05	7.63716e-05	8.69741e-05	9.70873e-05	0.00010623	0.000113933	0.000119774	0.000123422	0.000124663	0.000123422	0.000119774	0.000113933	0.00010623	9.70873e-05	8.69741e-05	7.63716e-05	6.57336e-05	5.54571e-05	4.58608e-05	3.7174e-05	2.9536e-05	2.30027e-05	1.75598e-05	1.31393e-05	9.63701e-06	6.92827e-06	4.88227e-06	3.37235e-06	2.28327e-06	1.5153e-06	9.85714e-07	6.28519e-07	3.92826e-07	2.40655e-07	1.44512e-07	8.50608e-08	4.90758e-08	2.77536e-08	1.53846e-08	8.35923e-09	4.45205e-09	2.32418e-09	1.1893e-09	5.96525e-10	2.93278e-10	1.41333e-10	6.67611e-11	3.09113e-11	1.40289e-11	6.24088e-12	2.72133e-12	1.16314e-12	4.87298e-13	2.00112e-13	8.05499e-14	3.17814e-14	1.22912e-14	4.65945e-15	
